Account,Date,Payee,Outflow,Inflow
Date,Type,Check #,Description,Withdrawal (-),Deposit (+),RunningBalance
Posted Transactions
03/31/2018,VISA,,CORNER STORE 4128 LITTLETON,$32.80,,$3918.40
03/31/2018,ATM,,LITTLETON QUINC 7870 WE DENVER,$43.75,,$3951.20
03/30/2018,INTADJUST,,Interest Paid,,$0.37,$3994.95
03/30/2018,ATMREBATE,,ATM Fee Rebate,,$26.25,$3994.58
03/30/2018,VISA,,KING SOOPERS #01 8055 S ARVADA,$11.93,,$3968.33
03/30/2018,VISA,,KING SOOPERS #00 6350 S ARVADA,$16.51,,$3980.26
03/30/2018,ACH,,LODE DATA CORPOR PAYROLL ~ Tran: ACHDD,,$1918.03,$3996.77
03/29/2018,VISA,,MEDICREDIT TITANIU800-8232318 MO #00000,$168.71,,$2078.74
03/29/2018,VISA,,STARBUCKS STORE 06HIGHLANDS RAN CO #000,$4.99,,$2247.45
03/29/2018,VISA,,CORNER STORE 1159 LITTLETON,$10.94,,$2252.44
03/29/2018,ACH,,CAPITAL ONE ONLINE PMT 180328,$598.11,,$2263.38
03/29/2018,ACH,,PAYPAL INST XFER 180328~ Tran: ACHDW,$62.10,,$2861.49
03/29/2018,ACH,,PAYPAL INST XFER 180328~ Tran: ACHDW,$1.34,,$2923.59
03/28/2018,VISA,,TAMALE KITCHEN - 8HIGHLANDS RAN CO #000,$7.88,,$2924.93
03/28/2018,VISA,,KING SOOPERS #01 7901 S LITTLETON,$46.60,,$2932.81
03/28/2018,VISA,,WM SUPERCENTER # Wal-Ma HIGHLANDS RAN,$20.85,,$2979.41
03/28/2018,VISA,,CORNER STORE 1159 LITTLETON,$20.73,,$3000.26
03/28/2018,VISA,,KING SOOPERS #01 7901 S LITTLETON,$14.22,,$3020.99
03/27/2018,VISA,,CORNER STORE 1159 LITTLETON,$5.23,,$3035.21
03/26/2018,VISA,,KING SOOPERS #01 8055 S ARVADA,$18.23,,$3040.44
03/26/2018,VISA,,PANDA EXPRESS #545HIGHLANDS RAN CO #000,$20.90,,$3058.67
03/26/2018,VISA,,KING SOOPERS #0721ARVADA CO #0000001900,$5.50,,$3079.57
03/26/2018,VISA,,MCDONALD'S F10561 LITTLETON CO #0000001,$5.12,,$3085.07
03/26/2018,ACH,,EGGSTRODINARY RE PAYROLL ~ Tran: ACHDD,,$1107.13,$3090.19
03/25/2018,ATM,,LITTLETON FINAN 7870 WE DENVER,$33.75,,$1983.06
03/25/2018,ATM,,LITTLETON FINAN 7870 WE DENVER,$63.75,,$2016.81
03/25/2018,VISA,,KING SOOPERS #06 6370 S ARVADA,$29.00,,$2080.56
03/25/2018,VISA,,KING SOOPERS #01 8055 S ARVADA,$4.26,,$2109.56
03/24/2018,VISA,,SHELL Service Station ARVADA,$5.15,,$2113.82
03/23/2018,ATM,,LITTLETON 7870 WEST QUI DENVER,$28.75,,$2118.97
03/23/2018,VISA,,ARBY'S 8491       LITTLETON CO #0000001,$8.77,,$2147.72
03/23/2018,VISA,,KING NOODLE - ROUNROUND ROCK TX #000000,$12.20,,$2156.49
03/23/2018,VISA,,COLUMBINE ANIMAL HLITTLETON CO #0000001,$38.27,,$2168.69
03/23/2018,VISA,,WENDYS #1660      LITTLETON CO #0000001,$8.45,,$2206.96
03/22/2018,VISA,,CORNER STORE 1159 LITTLETON,$13.03,,$2215.41
03/22/2018,VISA,,LOAF N JUG # 0809 LITTLETON CO #0000001,$25.50,,$2228.44
03/22/2018,VISA,,CORNER STORE 1159 HIGHLANDS RAN CO #000,$10.94,,$2253.94
03/22/2018,ACH,,AT&T MOBILITY ONLINE PMT 180322,$249.53,,$2264.88
03/21/2018,ATM,,LITTLETON QUINC 7870 WE DENVER,$8.75,,$2514.41
03/21/2018,VISA,,WALGREENS STORE 7443 W LITTLETON,$24.64,,$2523.16
03/21/2018,VISA,,MCDONALD'S F10561 LITTLETON CO #0000001,$7.93,,$2547.80
03/21/2018,VISA,,PROTONMAIL        41225483451    #00000,$5.00,,$2555.73
03/21/2018,VISA,,CHICK-FIL-A #03183LITTLETON CO #0000001,$8.38,,$2560.73
03/21/2018,VISA,,STATE FARM INSURAN800-956-6310 IL #0000,$158.58,,$2569.11
03/20/2018,VISA,,GOOGLE *Google Sto855-836-3987 CA #0000,$1.99,,$2727.69
03/20/2018,ACH,,PAYPAL INST XFER 180319,$125.96,,$2729.68
03/20/2018,ACH,,PAYPAL INST XFER 180319,$2.68,,$2855.64
03/19/2018,VISA,,KING SOOPERS #01 8055 S ARVADA,$20.50,,$2858.32
03/19/2018,VISA,,STARBUCKS         800-782-7282 WA #0000,$10.00,,$2878.82
03/18/2018,ATM,,LITTLETON QUINC 7870 WE DENVER,$48.75,,$2888.82
03/18/2018,VISA,,SHELL Service Station ARVADA,$30.15,,$2937.57
03/17/2018,VISA,,BURGER KING #5870 ARVADA CO #0000001900,$8.19,,$2967.72
03/17/2018,VISA,,CORNER STORE 1159 LITTLETON,$5.73,,$2975.91
03/16/2018,VISA,,BUFFALO WILD WINGSLAKEWOOD CO #00000019,$32.05,,$2981.64
03/16/2018,VISA,,CORNER STORE 1159 LITTLETON,$5.73,,$3013.69
03/16/2018,ACH,,SECURITY SVC FCU ONLINE PMT 180316,$555.89,,$3019.42
03/15/2018,VISA,,STARBUCKS         800-782-7282 WA #0000,$25.00,,$3575.31
03/15/2018,VISA,,CORNER STORE 1159 LITTLETON,$30.00,,$3600.31
03/15/2018,ACH,,LODE DATA CORPOR PAYROLL ~ Tran: ACHDD,,$1568.26,$3630.31
03/14/2018,ATM,,LITTLETON QUINC 7870 WE DENVER,$73.75,,$2062.05
03/14/2018,VISA,,KING SOOPERS #01 7901 S LITTLETON,$139.52,,$2135.80
03/14/2018,VISA,,WM SUPERCENTER # Wal-Ma HIGHLANDS RAN,$21.74,,$2275.32
03/13/2018,VISA,,KING SOOPERS #01 7901 S LITTLETON,$7.50,,$2297.06
03/13/2018,VISA,,MCDONALD'S F21390 LONETREE CO #00000019,$7.89,,$2304.56
03/13/2018,VISA,,FIREHOUSE SUBS #50LITTLETON CO #0000001,$19.18,,$2312.45
03/13/2018,VISA,,TST* TASTE OF PHILHGHLNDS RANCH CO #000,$11.63,,$2331.63
03/13/2018,VISA,,UNITED PACIFIC 6 9215 E LONE TREE,$4.57,,$2343.26
03/13/2018,ACH,,CAPITAL ONE ONLINE PMT 180312,$1338.77,,$2347.83
03/13/2018,ACH,,PAYPAL INST XFER 180312,$26.03,,$3686.60
03/12/2018,VISA,,MCDONALD'S F6389  LITTLETON CO #0000001,$5.57,,$3712.63
03/12/2018,VISA,,SANTA FE SPIRITS  LITTLETON CO #0000001,$35.40,,$3718.20
03/12/2018,VISA,,BUBBA'S 33 #2621  AURORA CO #0000001900,$17.74,,$3753.60
03/12/2018,ACH,,EGGSTRODINARY RE PAYROLL ~ Tran: ACHDD,,$1107.12,$3771.34
03/11/2018,VISA,,KING SOOPERS #01 7901 S LITTLETON,$95.00,,$2664.22
03/11/2018,VISA,,KING SOOPERS #01 8055 S ARVADA,$7.38,,$2759.22
03/11/2018,VISA,,MCDONALD'S F18783 HIGHLANDS RAN CO #000,$6.49,,$2766.60
03/11/2018,VISA,,BUFFALO WILD WINGSLAKEWOOD CO #00000019,$50.01,,$2773.09
03/11/2018,VISA,,TACO BELL PH 4078 LITTLETON CO #0000001,$11.22,,$2823.10
03/11/2018,VISA,,KING SOOPERS #00 6350 S ARVADA,$5.51,,$2834.32
03/11/2018,VISA,,CORNER STORE 1159 LITTLETON,$10.94,,$2839.83
03/10/2018,VISA,,REI #50 LAKEWOOD LAKEWOOD,$7.47,,$2850.77
03/10/2018,VISA,,SAMS CLUB #6634 SAM'S C LITTLETON(SE),$59.28,,$2858.24
03/10/2018,VISA,,PANDA EXPRESS #151LONE TREE CO #0000001,$7.90,,$2917.52
03/10/2018,VISA,,MCDONALD'S F18783 HIGHLANDS RAN CO #000,$5.03,,$2925.42
03/10/2018,VISA,,TAMALE KITCHEN - LLITTLETON CO #0000001,$15.77,,$2930.45
03/10/2018,VISA,,SHELL Service Station ARVADA,$11.09,,$2946.22
03/10/2018,VISA,,KING SOOPERS #06 6370 S ARVADA,$22.00,,$2957.31
03/09/2018,VISA,,BONOS PIT BARBQ   CENTENNIAL CO #000000,$42.12,,$2979.31
03/09/2018,VISA,,KING SOOPERS #01 7901 S LITTLETON,$23.96,,$3021.43
03/09/2018,ACH,,COMCAST ONLINE PMT 180309,$140.86,,$3045.39
03/08/2018,VISA,,PANERA BREAD #2030LONE TREE CO #0000001,$9.97,,$3186.25
03/08/2018,VISA,,CHILI'S JEFFERSON LITTLETON CO #0000001,$54.00,,$3196.22
03/08/2018,VISA,,CHICK-FIL-A #03183LITTLETON CO #0000001,$16.29,,$3250.22
03/08/2018,VISA,,KING SOOPERS #00 8126 W LITTLETON,$8.93,,$3266.51
03/08/2018,VISA,,SHELL Service Station LITTLETON,$5.15,,$3275.44
03/07/2018,VISA,,CORNER STORE 1159 LITTLETON,$30.23,,$3280.59
03/07/2018,ACH,,XCEL ENERGY-PSCO ONLINE PMT 180307,$100.97,,$3310.82
03/07/2018,ACH,,JPMorgan Chase Ext Trnsfr 180307~ Tran: ,,$555.00,$3411.79
03/06/2018,VISA,,SHELL Service Station ARVADA,$8.40,,$2856.79
03/06/2018,ACH,,PAYPAL ECHECK 180305,$44.00,,$2865.19
03/05/2018,VISA,,KING SOOPERS #01 7901 S LITTLETON,$7.14,,$2909.19
03/05/2018,VISA,,THE SUNSET GRILLE CENTENNIAL CO #000000,$36.35,,$2916.33
03/05/2018,VISA,,DAVIDSONS LIQUOR HIGHLANDS RAN CO #000,$36.20,,$2952.68
03/05/2018,VISA,,DOMINO'S 6356     303-449-7101 CO #0000,$36.19,,$2988.88
03/05/2018,VISA,,CORNER STORE 1159 LITTLETON,$10.94,,$3025.07
03/04/2018,VISA,,MCDONALD'S F19476 LITTLETON CO #0000001,$6.92,,$3036.01
03/04/2018,VISA,,CORNER STORE 1159 LITTLETON,$7.82,,$3042.93
03/03/2018,VISA,,CORNER STORE 1159 LITTLETON,$26.00,,$3050.75
03/03/2018,VISA,,PARRY`S PIZZA III HIGHLANDS RAN CO #000,$58.27,,$3076.75
03/03/2018,VISA,,GREEN WASH INC    LITTLETON CO #0000001,$4.75,,$3135.02
03/03/2018,VISA,,GREEN WASH INC    LITTLETON CO #0000001,$11.00,,$3139.77
03/03/2018,VISA,,TSE JENNYSMARKET 10038 LITTLETON,$8.35,,$3150.77
03/03/2018,VISA,,CORNER STORE 1159 LITTLETON,$5.73,,$3159.12
03/02/2018,VISA,,AMAZON.COM AMZN.COAMZN.COM/BILL WA #000,$16.79,,$3164.85
03/02/2018,VISA,,TAMALE KITCHEN - LLITTLETON CO #0000001,$13.40,,$3181.64
03/02/2018,ATM,,LITTLETON QUINC 7870 WE DENVER,$148.75,,$3195.04
03/02/2018,VISA,,UNITED PACIFIC 6 9215 E LONE TREE,$26.57,,$3343.79
03/02/2018,ACH,,WELLS FARGO MTG ONLINE PMT 180302,$2300.00,,$3370.36
03/02/2018,ACH,,121 FCU ONLINE PMT 180302,$150.00,,$5670.36
03/02/2018,ACH,,CARE CREDIT ONLINE PMT 180302,$120.00,,$5820.36
03/01/2018,VISA,,WAL-MART #1252 6675 BUS HIGHLANDS RAN,$22.34,,$5940.36
03/01/2018,VISA,,KING SOOPERS #0721ARVADA CO #0000001900,$5.50,,$5962.70
03/01/2018,VISA,,CHICK-FIL-A #03183LITTLETON CO #0000001,$16.29,,$5968.20
